integer value	ROI intensity	reference intensity
1000.000000	55518.000000	  0.000000
1020.000000	54195.000000	  0.003480
1040.000000	52788.000000	  0.003646
1060.000000	53236.000000	  0.003646
1080.000000	53177.000000	  0.003480
1100.000000	52718.000000	  0.003480
1120.000000	51215.000000	  0.003646
1140.000000	49528.000000	  0.003646
1160.000000	47776.000000	  0.003480
1180.000000	46231.000000	  0.003480
1200.000000	44261.000000	  0.003646
1220.000000	42717.000000	  0.003314
1240.000000	40640.000000	  0.003646
1260.000000	39533.000000	  0.003646
1280.000000	38159.000000	  0.003480
1300.000000	37350.000000	  0.003480
1320.000000	34910.000000	  0.003480
1340.000000	33940.000000	  0.003480
1360.000000	33069.000000	  0.003480
1380.000000	32358.000000	  0.003480
1400.000000	30822.000000	  0.003646
1420.000000	32286.000000	  0.003480
1440.000000	29684.000000	  0.003314
1460.000000	28349.000000	  0.003646
1480.000000	28080.000000	  0.003646
1500.000000	27575.000000	  0.003646
1520.000000	28410.000000	  0.003646
1540.000000	28067.000000	  0.003480
1560.000000	28212.000000	  0.003646
1580.000000	27471.000000	  0.003480
1600.000000	27637.000000	  0.003480
1620.000000	27302.000000	  0.003646
1640.000000	26778.000000	  0.003480
1660.000000	27462.000000	  0.003480
1680.000000	27604.000000	  0.003314
1700.000000	27667.000000	  0.003646
1720.000000	27162.000000	  0.003646
1740.000000	28512.000000	  0.003480
1760.000000	29239.000000	  0.003480
1780.000000	28503.000000	  0.003480
1800.000000	29587.000000	  0.003480
1820.000000	29497.000000	  0.003480
1840.000000	31941.000000	  0.003314
1860.000000	31715.000000	  0.003480
1880.000000	32862.000000	  0.003314
1900.000000	33876.000000	  0.003314
1920.000000	33197.000000	  0.003480
1940.000000	35352.000000	  0.003314
1960.000000	35909.000000	  0.003646
1980.000000	38388.000000	  0.003646
2000.000000	40450.000000	  0.003646
2020.000000	41507.000000	  0.003314
2040.000000	43918.000000	  0.003314
2060.000000	44935.000000	  0.003314
2080.000000	48456.000000	  0.003646
2100.000000	48174.000000	  0.003480
2120.000000	50331.000000	  0.003646
2140.000000	52532.000000	  0.003314
2160.000000	53861.000000	  0.003480
2180.000000	53902.000000	  0.003646
2200.000000	56511.000000	  0.003480
2220.000000	53905.000000	  0.003314
2240.000000	57544.000000	  0.003480
2260.000000	56402.000000	  0.003480
2280.000000	56990.000000	  0.003480
2300.000000	56562.000000	  0.003480
2320.000000	58142.000000	  0.003646
2340.000000	54255.000000	  0.003480
2360.000000	56528.000000	  0.003480
2380.000000	53974.000000	  0.003314
2400.000000	53734.000000	  0.003646
2420.000000	50625.000000	  0.003480
2440.000000	51142.000000	  0.003480
2460.000000	49827.000000	  0.003480
2480.000000	51311.000000	  0.003811
2500.000000	49060.000000	  0.003480
2520.000000	48112.000000	  0.003646
2540.000000	45706.000000	  0.003646
2560.000000	46717.000000	  0.003480
2580.000000	44736.000000	  0.003646
2600.000000	45236.000000	  0.003480
2620.000000	46324.000000	  0.003646
2640.000000	43805.000000	  0.003480
2660.000000	44777.000000	  0.003480
2680.000000	44299.000000	  0.003314
2700.000000	43716.000000	  0.003480
2720.000000	42635.000000	  0.003646
2740.000000	43846.000000	  0.003480
2760.000000	44067.000000	  0.003646
2780.000000	44760.000000	  0.003646
2800.000000	45021.000000	  0.003480
2820.000000	46407.000000	  0.003646
2840.000000	45940.000000	  0.003646
2860.000000	48833.000000	  0.003646
2880.000000	48452.000000	  0.003480
2900.000000	52054.000000	  0.003480
2920.000000	52000.000000	  0.003646
2940.000000	53215.000000	  0.003646
2960.000000	55194.000000	  0.003480
2980.000000	58972.000000	  0.003646
3000.000000	56486.000000	  0.003480
3020.000000	59598.000000	  0.003480
3040.000000	60626.000000	  0.003480
3060.000000	64863.000000	  0.003646
3080.000000	65338.000000	  0.003646
3100.000000	66435.000000	  0.003646
3120.000000	69588.000000	  0.003314
3140.000000	66592.000000	  0.003646
3160.000000	71072.000000	  0.003646
3180.000000	69527.000000	  0.003646
3200.000000	69966.000000	  0.003480
3220.000000	72222.000000	  0.003480
3240.000000	68455.000000	  0.003646
3260.000000	70679.000000	  0.003646
3280.000000	68535.000000	  0.003480
3300.000000	68290.000000	  0.003480
3320.000000	70324.000000	  0.003314
3340.000000	66858.000000	  0.003480
3360.000000	67626.000000	  0.003646
3380.000000	65578.000000	  0.003646
3400.000000	62392.000000	  0.003646
3420.000000	61082.000000	  0.003646
3440.000000	62299.000000	  0.003646
3460.000000	60923.000000	  0.003480
3480.000000	57190.000000	  0.003480
3500.000000	57110.000000	  0.003646
3520.000000	58732.000000	  0.003646
3540.000000	56429.000000	  0.003480
3560.000000	54476.000000	  0.003480
3580.000000	55110.000000	  0.003480
3600.000000	53137.000000	  0.003811
3620.000000	54293.000000	  0.003646
3640.000000	52106.000000	  0.003480
3660.000000	50192.000000	  0.003480
3680.000000	51830.000000	  0.003646
3700.000000	50576.000000	  0.003480
3720.000000	50112.000000	  0.003646
3740.000000	51385.000000	  0.003480
3760.000000	52200.000000	  0.003646
3780.000000	55893.000000	  0.003646
3800.000000	53349.000000	  0.003646
3820.000000	53295.000000	  0.003646
3840.000000	57076.000000	  0.003646
3860.000000	56699.000000	  0.003480
3880.000000	57545.000000	  0.003646
3900.000000	59695.000000	  0.003314
3920.000000	60141.000000	  0.003646
3940.000000	59189.000000	  0.003646
3960.000000	59536.000000	  0.003480
3980.000000	64403.000000	  0.003646
4000.000000	62739.000000	  0.003480
4020.000000	66176.000000	  0.003646
4040.000000	67742.000000	  0.003480
4060.000000	67820.000000	  0.003480
4080.000000	67523.000000	  0.003480
4100.000000	69624.000000	  0.003646
4120.000000	69972.000000	  0.003646
4140.000000	70478.000000	  0.003480
4160.000000	66455.000000	  0.003646
4180.000000	69651.000000	  0.003480
4200.000000	66772.000000	  0.003314
4220.000000	66522.000000	  0.003646
4240.000000	64454.000000	  0.003314
4260.000000	63775.000000	  0.003480
4280.000000	62145.000000	  0.003646
4300.000000	58105.000000	  0.003646
4320.000000	57417.000000	  0.003314
4340.000000	56959.000000	  0.003480
4360.000000	52787.000000	  0.003480
4380.000000	51480.000000	  0.003646
4400.000000	51816.000000	  0.003646
4420.000000	50100.000000	  0.003646
4440.000000	48597.000000	  0.003480
4460.000000	47404.000000	  0.003646
4480.000000	45646.000000	  0.003646
4500.000000	43384.000000	  0.003480
4520.000000	46450.000000	  0.003480
4540.000000	42497.000000	  0.003480
4560.000000	43573.000000	  0.003480
4580.000000	42308.000000	  0.003314
4600.000000	44120.000000	  0.003480
4620.000000	42970.000000	  0.003480
4640.000000	44847.000000	  0.003480
4660.000000	46497.000000	  0.003480
4680.000000	43806.000000	  0.003480
4700.000000	45951.000000	  0.003480
4720.000000	47513.000000	  0.003646
4740.000000	47446.000000	  0.003314
4760.000000	50052.000000	  0.003646
4780.000000	52264.000000	  0.003480
4800.000000	51758.000000	  0.003646
4820.000000	53246.000000	  0.003646
4840.000000	58012.000000	  0.003480
4860.000000	58875.000000	  0.003480
4880.000000	61843.000000	  0.003646
4900.000000	61477.000000	  0.003480
4920.000000	65705.000000	  0.003646
4940.000000	64775.000000	  0.003480
4960.000000	66726.000000	  0.003811
4980.000000	71809.000000	  0.003480
5000.000000	69213.000000	  0.003480
5020.000000	72503.000000	  0.003480
5040.000000	73303.000000	  0.003480
5060.000000	73331.000000	  0.003480
5080.000000	73015.000000	  0.003480
5100.000000	75289.000000	  0.003646
5120.000000	73725.000000	  0.003480
5140.000000	73782.000000	  0.003480
5160.000000	70873.000000	  0.003480
5180.000000	70132.000000	  0.003480
5200.000000	69109.000000	  0.003646
5220.000000	68581.000000	  0.003646
5240.000000	66382.000000	  0.003480
5260.000000	65900.000000	  0.003646
5280.000000	63550.000000	  0.003480
5300.000000	60843.000000	  0.003646
5320.000000	61508.000000	  0.003480
5340.000000	58237.000000	  0.003480
5360.000000	58286.000000	  0.003480
5380.000000	56557.000000	  0.003646
5400.000000	53867.000000	  0.003480
5420.000000	53335.000000	  0.003480
5440.000000	52091.000000	  0.003480
5460.000000	50150.000000	  0.003480
5480.000000	51031.000000	  0.003646
5500.000000	52696.000000	  0.003314
5520.000000	50285.000000	  0.003480
5540.000000	49913.000000	  0.003480
5560.000000	51540.000000	  0.003646
5580.000000	53007.000000	  0.003480
5600.000000	51588.000000	  0.003811
5620.000000	51811.000000	  0.003480
5640.000000	54850.000000	  0.003480
5660.000000	56108.000000	  0.003314
5680.000000	54895.000000	  0.003646
5700.000000	58624.000000	  0.003314
5720.000000	61156.000000	  0.003646
5740.000000	60567.000000	  0.003480
5760.000000	62926.000000	  0.003480
5780.000000	62530.000000	  0.003480
5800.000000	69344.000000	  0.003646
5820.000000	66275.000000	  0.003314
5840.000000	70005.000000	  0.003480
5860.000000	68784.000000	  0.003480
5880.000000	73194.000000	  0.003480
5900.000000	70910.000000	  0.003480
5920.000000	72107.000000	  0.003480
5940.000000	71520.000000	  0.003480
5960.000000	72392.000000	  0.003480
5980.000000	75390.000000	  0.003480
6000.000000	71170.000000	  0.003646
6020.000000	72541.000000	  0.003646
6040.000000	68121.000000	  0.003480
6060.000000	67083.000000	  0.003314
6080.000000	65570.000000	  0.003646
6100.000000	63678.000000	  0.003480
6120.000000	63142.000000	  0.003646
6140.000000	60321.000000	  0.003646
6160.000000	58191.000000	  0.003480
6180.000000	57602.000000	  0.003480
6200.000000	55416.000000	  0.003480
6220.000000	56115.000000	  0.003646
6240.000000	49536.000000	  0.003480
6260.000000	49302.000000	  0.003811
6280.000000	46727.000000	  0.003314
6300.000000	45094.000000	  0.003480
6320.000000	43871.000000	  0.003480
6340.000000	43230.000000	  0.003646
6360.000000	41156.000000	  0.003480
6380.000000	42201.000000	  0.003646
6400.000000	40555.000000	  0.003646
6420.000000	40010.000000	  0.003480
6440.000000	39605.000000	  0.003480
6460.000000	40319.000000	  0.003646
6480.000000	39879.000000	  0.003480
6500.000000	39438.000000	  0.003480
6520.000000	39311.000000	  0.003480
6540.000000	40043.000000	  0.003480
6560.000000	42349.000000	  0.003480
6580.000000	42025.000000	  0.003646
6600.000000	43963.000000	  0.003646
6620.000000	44633.000000	  0.003480
6640.000000	47899.000000	  0.003646
6660.000000	50468.000000	  0.003646
6680.000000	54036.000000	  0.003646
6700.000000	53415.000000	  0.003480
6720.000000	55519.000000	  0.003646
6740.000000	53922.000000	  0.003646
6760.000000	57192.000000	  0.003646
6780.000000	58578.000000	  0.003314
6800.000000	59401.000000	  0.003646
6820.000000	58268.000000	  0.003480
6840.000000	59921.000000	  0.003480
6860.000000	59241.000000	  0.003480
6880.000000	58418.000000	  0.003480
6900.000000	56822.000000	  0.003646
6920.000000	52425.000000	  0.003480
6940.000000	56031.000000	  0.003480
6960.000000	53748.000000	  0.003480
6980.000000	50393.000000	  0.003480
7000.000000	49791.000000	  0.003480
7020.000000	44917.000000	  0.003646
7040.000000	43684.000000	  0.003480
7060.000000	40379.000000	  0.003480
7080.000000	40076.000000	  0.003480
7100.000000	37674.000000	  0.003314
7120.000000	34934.000000	  0.003480
7140.000000	33655.000000	  0.003480
7160.000000	33002.000000	  0.003480
7180.000000	32940.000000	  0.003480
