integer value	ROI intensity	reference intensity
  0.000000	22849.000000	  0.003480
 20.000000	22578.000000	  0.003646
 40.000000	22280.000000	  0.003646
 60.000000	22180.000000	  0.003646
 80.000000	22780.000000	  0.003646
100.000000	22480.000000	  0.003480
120.000000	21234.000000	  0.003480
140.000000	20469.000000	  0.003646
160.000000	20861.000000	  0.003480
180.000000	20760.000000	  0.003480
200.000000	20463.000000	  0.003480
220.000000	19813.000000	  0.003646
240.000000	20536.000000	  0.003646
260.000000	20400.000000	  0.003646
280.000000	20327.000000	  0.003646
300.000000	20115.000000	  0.003480
320.000000	18840.000000	  0.003646
340.000000	19378.000000	  0.003480
360.000000	18807.000000	  0.003811
380.000000	18956.000000	  0.003811
400.000000	18986.000000	  0.003646
420.000000	18452.000000	  0.003480
440.000000	18083.000000	  0.003646
460.000000	19482.000000	  0.003480
480.000000	18326.000000	  0.003480
500.000000	18349.000000	  0.003480
520.000000	17876.000000	  0.003480
540.000000	17651.000000	  0.003480
560.000000	17487.000000	  0.003646
580.000000	18111.000000	  0.003314
600.000000	17358.000000	  0.003480
620.000000	18184.000000	  0.003480
640.000000	18876.000000	  0.003646
660.000000	18228.000000	  0.003480
680.000000	18127.000000	  0.003480
700.000000	18385.000000	  0.003480
720.000000	18276.000000	  0.003480
740.000000	18660.000000	  0.003811
760.000000	18722.000000	  0.003480
780.000000	19026.000000	  0.003480
800.000000	18700.000000	  0.003646
820.000000	19074.000000	  0.003646
840.000000	19383.000000	  0.003646
860.000000	19153.000000	  0.003646
880.000000	19573.000000	  0.003314
900.000000	21273.000000	  0.003480
920.000000	21189.000000	  0.003480
940.000000	20693.000000	  0.003646
960.000000	20841.000000	  0.003646
980.000000	20550.000000	  0.003480
1000.000000	21224.000000	  0.003646
1020.000000	21085.000000	  0.003646
1040.000000	21987.000000	  0.003646
1060.000000	23177.000000	  0.003646
1080.000000	22780.000000	  0.003646
1100.000000	23275.000000	  0.003646
1120.000000	24305.000000	  0.003646
1140.000000	24740.000000	  0.003811
1160.000000	24062.000000	  0.003314
1180.000000	24842.000000	  0.003480
1200.000000	25064.000000	  0.003480
1220.000000	26329.000000	  0.003646
1240.000000	27268.000000	  0.003480
1260.000000	26298.000000	  0.003811
1280.000000	27623.000000	  0.003314
1300.000000	27732.000000	  0.003480
1320.000000	30111.000000	  0.003646
1340.000000	31931.000000	  0.003811
1360.000000	32397.000000	  0.003646
1380.000000	33297.000000	  0.003646
1400.000000	34190.000000	  0.003480
1420.000000	36821.000000	  0.003646
1440.000000	35788.000000	  0.003480
1460.000000	38405.000000	  0.003480
1480.000000	41063.000000	  0.003646
1500.000000	40659.000000	  0.003480
1520.000000	42177.000000	  0.003646
1540.000000	44347.000000	  0.003646
1560.000000	44360.000000	  0.003646
1580.000000	48746.000000	  0.003480
1600.000000	51032.000000	  0.003480
1620.000000	52385.000000	  0.003480
1640.000000	52648.000000	  0.003646
1660.000000	55238.000000	  0.003646
1680.000000	56062.000000	  0.003646
1700.000000	57995.000000	  0.003646
1720.000000	58202.000000	  0.003480
1740.000000	62598.000000	  0.003480
1760.000000	61845.000000	  0.003480
1780.000000	62066.000000	  0.003646
1800.000000	63180.000000	  0.003314
1820.000000	63207.000000	  0.003646
1840.000000	66469.000000	  0.003646
1860.000000	65889.000000	  0.003480
1880.000000	64840.000000	  0.003480
1900.000000	67308.000000	  0.003480
1920.000000	64925.000000	  0.003646
1940.000000	65465.000000	  0.003811
1960.000000	62740.000000	  0.003314
1980.000000	65122.000000	  0.003480
2000.000000	61496.000000	  0.003314
2020.000000	62915.000000	  0.003646
2040.000000	61267.000000	  0.003646
2060.000000	58933.000000	  0.003480
2080.000000	58070.000000	  0.003314
2100.000000	57814.000000	  0.003646
2120.000000	54447.000000	  0.003646
2140.000000	53985.000000	  0.003646
2160.000000	54519.000000	  0.003646
2180.000000	54364.000000	  0.003646
2200.000000	50288.000000	  0.003646
2220.000000	51311.000000	  0.003480
2240.000000	48903.000000	  0.003646
2260.000000	48752.000000	  0.003480
2280.000000	49890.000000	  0.003480
2300.000000	50294.000000	  0.003314
2320.000000	49094.000000	  0.003480
2340.000000	49899.000000	  0.003480
2360.000000	47736.000000	  0.003480
2380.000000	50135.000000	  0.003480
2400.000000	48838.000000	  0.003480
2420.000000	51265.000000	  0.003480
2440.000000	52478.000000	  0.003480
2460.000000	54124.000000	  0.003480
2480.000000	53625.000000	  0.003314
2500.000000	56156.000000	  0.003480
2520.000000	57312.000000	  0.003480
2540.000000	58226.000000	  0.003646
2560.000000	60988.000000	  0.003646
2580.000000	61666.000000	  0.003480
2600.000000	62378.000000	  0.003646
2620.000000	64093.000000	  0.003646
2640.000000	66441.000000	  0.003480
2660.000000	69200.000000	  0.003646
2680.000000	70815.000000	  0.003480
2700.000000	69085.000000	  0.003480
2720.000000	70558.000000	  0.003480
2740.000000	72530.000000	  0.003646
2760.000000	71901.000000	  0.003480
2780.000000	70814.000000	  0.003480
2800.000000	70165.000000	  0.003646
2820.000000	69739.000000	  0.003480
2840.000000	73492.000000	  0.003480
2860.000000	71318.000000	  0.003646
2880.000000	70600.000000	  0.003646
2900.000000	68757.000000	  0.003811
2920.000000	64609.000000	  0.003646
2940.000000	63753.000000	  0.003646
2960.000000	64164.000000	  0.003480
2980.000000	60281.000000	  0.003480
3000.000000	60884.000000	  0.003646
3020.000000	58017.000000	  0.003480
3040.000000	56594.000000	  0.003646
3060.000000	52059.000000	  0.003480
3080.000000	50254.000000	  0.003646
3100.000000	49987.000000	  0.003646
3120.000000	50428.000000	  0.003480
3140.000000	45691.000000	  0.003314
3160.000000	46923.000000	  0.003646
3180.000000	43918.000000	  0.003480
3200.000000	43580.000000	  0.003480
3220.000000	41893.000000	  0.003480
3240.000000	40489.000000	  0.003480
3260.000000	39503.000000	  0.003646
3280.000000	39851.000000	  0.003646
3300.000000	38230.000000	  0.003480
3320.000000	38175.000000	  0.003314
3340.000000	37162.000000	  0.003646
3360.000000	36781.000000	  0.003480
3380.000000	35725.000000	  0.003480
3400.000000	35693.000000	  0.003646
3420.000000	35110.000000	  0.003480
3440.000000	33462.000000	  0.003480
3460.000000	32611.000000	  0.003314
3480.000000	31931.000000	  0.003646
3500.000000	32151.000000	  0.003646
3520.000000	32131.000000	  0.003480
3540.000000	31095.000000	  0.003480
3560.000000	30801.000000	  0.003480
3580.000000	30647.000000	  0.003646
3600.000000	29531.000000	  0.003480
3620.000000	28223.000000	  0.003646
3640.000000	28202.000000	  0.003646
3660.000000	27820.000000	  0.003646
3680.000000	28009.000000	  0.003480
3700.000000	27285.000000	  0.003646
3720.000000	28698.000000	  0.003646
3740.000000	27696.000000	  0.003646
3760.000000	27440.000000	  0.003480
3780.000000	27424.000000	  0.003480
3800.000000	28207.000000	  0.003811
3820.000000	27368.000000	  0.003480
3840.000000	27425.000000	  0.003646
3860.000000	28288.000000	  0.003811
3880.000000	28130.000000	  0.003480
3900.000000	28247.000000	  0.003480
3920.000000	28526.000000	  0.003480
3940.000000	30497.000000	  0.003646
3960.000000	30413.000000	  0.003646
3980.000000	30712.000000	  0.003646
4000.000000	31946.000000	  0.003480
4020.000000	33559.000000	  0.003480
4040.000000	35579.000000	  0.003646
4060.000000	34863.000000	  0.003480
4080.000000	37297.000000	  0.003646
4100.000000	37505.000000	  0.003480
4120.000000	39789.000000	  0.003480
4140.000000	40890.000000	  0.003480
4160.000000	44112.000000	  0.003646
4180.000000	43392.000000	  0.003480
4200.000000	47901.000000	  0.003646
4220.000000	49234.000000	  0.003480
4240.000000	51666.000000	  0.003480
4260.000000	53436.000000	  0.003646
4280.000000	57730.000000	  0.003646
4300.000000	58923.000000	  0.003480
4320.000000	63941.000000	  0.003646
4340.000000	62576.000000	  0.003811
4360.000000	64514.000000	  0.003811
4380.000000	65346.000000	  0.003480
4400.000000	70515.000000	  0.003480
4420.000000	70083.000000	  0.003646
4440.000000	75821.000000	  0.003646
4460.000000	73198.000000	  0.003646
4480.000000	75037.000000	  0.003646
4500.000000	74420.000000	  0.003480
4520.000000	76777.000000	  0.003646
4540.000000	71117.000000	  0.003314
4560.000000	78204.000000	  0.003646
4580.000000	72787.000000	  0.003480
4600.000000	74503.000000	  0.003314
4620.000000	72521.000000	  0.003646
4640.000000	70696.000000	  0.003646
4660.000000	68982.000000	  0.003646
4680.000000	65834.000000	  0.003646
4700.000000	62732.000000	  0.003480
4720.000000	62832.000000	  0.003480
4740.000000	58583.000000	  0.003646
4760.000000	55756.000000	  0.003646
4780.000000	57178.000000	  0.003646
4800.000000	53747.000000	  0.003480
4820.000000	50792.000000	  0.003480
4840.000000	50948.000000	  0.003646
4860.000000	50536.000000	  0.003646
4880.000000	52009.000000	  0.003646
4900.000000	50168.000000	  0.003480
4920.000000	48148.000000	  0.003646
4940.000000	47921.000000	  0.003480
4960.000000	47838.000000	  0.003480
4980.000000	48278.000000	  0.003646
5000.000000	46252.000000	  0.003646
5020.000000	50647.000000	  0.003480
5040.000000	49313.000000	  0.003480
5060.000000	52424.000000	  0.003646
5080.000000	54856.000000	  0.003480
5100.000000	54838.000000	  0.003480
5120.000000	56157.000000	  0.003646
5140.000000	56540.000000	  0.003480
5160.000000	60384.000000	  0.003646
5180.000000	59900.000000	  0.003646
5200.000000	62237.000000	  0.003646
5220.000000	63764.000000	  0.003480
5240.000000	65962.000000	  0.003480
5260.000000	68177.000000	  0.003811
5280.000000	70390.000000	  0.003646
5300.000000	71316.000000	  0.003646
5320.000000	72690.000000	  0.003480
5340.000000	71110.000000	  0.003480
5360.000000	73102.000000	  0.003646
5380.000000	73056.000000	  0.003646
5400.000000	71105.000000	  0.003646
5420.000000	73067.000000	  0.003646
5440.000000	73346.000000	  0.003314
5460.000000	70329.000000	  0.003480
5480.000000	69126.000000	  0.003480
5500.000000	67514.000000	  0.003480
5520.000000	64492.000000	  0.003646
5540.000000	63473.000000	  0.003646
5560.000000	58372.000000	  0.003480
5580.000000	57828.000000	  0.003646
5600.000000	54914.000000	  0.003646
5620.000000	55333.000000	  0.003480
5640.000000	50187.000000	  0.003480
5660.000000	48260.000000	  0.003480
5680.000000	46731.000000	  0.003646
5700.000000	41824.000000	  0.003646
5720.000000	40208.000000	  0.003646
5740.000000	39652.000000	  0.003480
5760.000000	36009.000000	  0.003480
5780.000000	36617.000000	  0.003646
5800.000000	36052.000000	  0.003646
5820.000000	34938.000000	  0.003480
5840.000000	30942.000000	  0.003480
5860.000000	31314.000000	  0.003480
5880.000000	30008.000000	  0.003480
5900.000000	30639.000000	  0.003646
5920.000000	29854.000000	  0.003480
5940.000000	28919.000000	  0.003314
5960.000000	28110.000000	  0.003314
5980.000000	27012.000000	  0.003646
