integer value	ROI intensity	reference intensity
1500.000000	10932.000000	  0.000000
1520.000000	10784.000000	  0.003480
1540.000000	11033.000000	  0.003646
1560.000000	11083.000000	  0.003646
1580.000000	10693.000000	  0.003646
1600.000000	10387.000000	  0.003646
1620.000000	10650.000000	  0.003646
1640.000000	10698.000000	  0.003480
1660.000000	10363.000000	  0.003811
1680.000000	10592.000000	  0.003314
1700.000000	10347.000000	  0.003480
1720.000000	10892.000000	  0.003646
1740.000000	10514.000000	  0.003480
1760.000000	10307.000000	  0.003646
1780.000000	10369.000000	  0.003646
1800.000000	10617.000000	  0.003646
1820.000000	10035.000000	  0.003480
1840.000000	10129.000000	  0.003646
1860.000000	10442.000000	  0.003480
1880.000000	10372.000000	  0.003646
1900.000000	10124.000000	  0.003646
1920.000000	10363.000000	  0.003480
1940.000000	10362.000000	  0.003646
1960.000000	10153.000000	  0.003646
1980.000000	9994.000000	  0.003646
2000.000000	10340.000000	  0.003480
2020.000000	9947.000000	  0.003646
2040.000000	10188.000000	  0.003480
2060.000000	10447.000000	  0.003646
2080.000000	10202.000000	  0.003480
2100.000000	10227.000000	  0.003480
2120.000000	10217.000000	  0.003646
2140.000000	9886.000000	  0.003480
2160.000000	10186.000000	  0.003480
2180.000000	10328.000000	  0.003314
2200.000000	10410.000000	  0.003314
2220.000000	10257.000000	  0.003480
2240.000000	10486.000000	  0.003646
2260.000000	10202.000000	  0.003646
2280.000000	10527.000000	  0.003811
2300.000000	10415.000000	  0.003480
2320.000000	10333.000000	  0.003480
2340.000000	10881.000000	  0.003646
2360.000000	10737.000000	  0.003480
2380.000000	10443.000000	  0.003480
2400.000000	10418.000000	  0.003480
2420.000000	10406.000000	  0.003646
2440.000000	10609.000000	  0.003646
2460.000000	11079.000000	  0.003646
2480.000000	10916.000000	  0.003646
2500.000000	11081.000000	  0.003480
2520.000000	11165.000000	  0.003480
2540.000000	11076.000000	  0.003480
2560.000000	11086.000000	  0.003480
2580.000000	11069.000000	  0.003480
2600.000000	11278.000000	  0.003811
2620.000000	11254.000000	  0.003314
2640.000000	11565.000000	  0.003480
2660.000000	11971.000000	  0.003480
2680.000000	11611.000000	  0.003646
2700.000000	11568.000000	  0.003646
2720.000000	11589.000000	  0.003646
2740.000000	12027.000000	  0.003480
2760.000000	11984.000000	  0.003480
2780.000000	12149.000000	  0.003646
2800.000000	12993.000000	  0.003480
2820.000000	12789.000000	  0.003480
2840.000000	12808.000000	  0.003646
2860.000000	13147.000000	  0.003314
2880.000000	12992.000000	  0.003480
2900.000000	13903.000000	  0.003646
2920.000000	14298.000000	  0.003314
2940.000000	14359.000000	  0.003480
2960.000000	14450.000000	  0.003811
2980.000000	14768.000000	  0.003480
3000.000000	15389.000000	  0.003646
3020.000000	16340.000000	  0.003646
3040.000000	16891.000000	  0.003480
3060.000000	17815.000000	  0.003646
3080.000000	18855.000000	  0.003480
3100.000000	19421.000000	  0.003480
3120.000000	19929.000000	  0.003480
3140.000000	20798.000000	  0.003480
3160.000000	22448.000000	  0.003480
3180.000000	23340.000000	  0.003480
3200.000000	25711.000000	  0.003480
3220.000000	26737.000000	  0.003480
3240.000000	27405.000000	  0.003480
3260.000000	29252.000000	  0.003480
3280.000000	30558.000000	  0.003480
3300.000000	32325.000000	  0.003646
3320.000000	33044.000000	  0.003811
3340.000000	34541.000000	  0.003646
3360.000000	37398.000000	  0.003811
3380.000000	38982.000000	  0.003480
3400.000000	39457.000000	  0.003480
3420.000000	41791.000000	  0.003480
3440.000000	41328.000000	  0.003480
3460.000000	41242.000000	  0.003480
3480.000000	42336.000000	  0.003646
3500.000000	41527.000000	  0.003480
3520.000000	42357.000000	  0.003480
3540.000000	42280.000000	  0.003480
3560.000000	40901.000000	  0.003646
3580.000000	40727.000000	  0.003646
3600.000000	42009.000000	  0.003646
3620.000000	38417.000000	  0.003480
3640.000000	37518.000000	  0.003646
3660.000000	36471.000000	  0.003811
3680.000000	34470.000000	  0.003646
3700.000000	36233.000000	  0.003646
3720.000000	34057.000000	  0.003646
3740.000000	34427.000000	  0.003646
3760.000000	33698.000000	  0.003646
3780.000000	31967.000000	  0.003646
3800.000000	31394.000000	  0.003480
3820.000000	31507.000000	  0.003646
3840.000000	31899.000000	  0.003480
3860.000000	31668.000000	  0.003480
3880.000000	32477.000000	  0.003480
3900.000000	31732.000000	  0.003646
3920.000000	33186.000000	  0.003480
3940.000000	34388.000000	  0.003646
3960.000000	34786.000000	  0.003480
3980.000000	35907.000000	  0.003646
4000.000000	36862.000000	  0.003480
4020.000000	39716.000000	  0.003480
4040.000000	40847.000000	  0.003646
4060.000000	40324.000000	  0.003646
4080.000000	41469.000000	  0.003646
4100.000000	42702.000000	  0.003480
4120.000000	42349.000000	  0.003646
4140.000000	44388.000000	  0.003646
4160.000000	43474.000000	  0.003480
4180.000000	41854.000000	  0.003646
4200.000000	42614.000000	  0.003480
4220.000000	40491.000000	  0.003480
4240.000000	40097.000000	  0.003314
4260.000000	39056.000000	  0.003646
4280.000000	38849.000000	  0.003646
4300.000000	37792.000000	  0.003646
4320.000000	35335.000000	  0.003646
4340.000000	34653.000000	  0.003646
4360.000000	31262.000000	  0.003314
4380.000000	31173.000000	  0.003646
4400.000000	28973.000000	  0.003480
4420.000000	27108.000000	  0.003646
4440.000000	25574.000000	  0.003480
4460.000000	24936.000000	  0.003480
4480.000000	22341.000000	  0.003314
4500.000000	21977.000000	  0.003646
4520.000000	21325.000000	  0.003480
4540.000000	19981.000000	  0.003646
4560.000000	19458.000000	  0.003480
4580.000000	19584.000000	  0.003811
4600.000000	18342.000000	  0.003646
4620.000000	18129.000000	  0.003811
4640.000000	16986.000000	  0.003480
4660.000000	16495.000000	  0.003646
4680.000000	16231.000000	  0.003480
4700.000000	16926.000000	  0.003646
4720.000000	15450.000000	  0.003646
4740.000000	15290.000000	  0.003480
4760.000000	15245.000000	  0.003480
4780.000000	15049.000000	  0.003646
4800.000000	14534.000000	  0.003480
4820.000000	14874.000000	  0.003811
4840.000000	14395.000000	  0.003480
4860.000000	14615.000000	  0.003480
4880.000000	13893.000000	  0.003480
4900.000000	13752.000000	  0.003480
4920.000000	13932.000000	  0.003480
4940.000000	13963.000000	  0.003480
4960.000000	14388.000000	  0.003646
4980.000000	14852.000000	  0.003480
5000.000000	14517.000000	  0.003480
5020.000000	15111.000000	  0.003646
5040.000000	14818.000000	  0.003480
5060.000000	15502.000000	  0.003480
5080.000000	16814.000000	  0.003480
5100.000000	17032.000000	  0.003646
5120.000000	17508.000000	  0.003646
5140.000000	18511.000000	  0.003811
5160.000000	19337.000000	  0.003646
5180.000000	20044.000000	  0.003480
5200.000000	21519.000000	  0.003646
5220.000000	23021.000000	  0.003646
5240.000000	23646.000000	  0.003480
5260.000000	26502.000000	  0.003480
5280.000000	26719.000000	  0.003480
5300.000000	28806.000000	  0.003480
5320.000000	30643.000000	  0.003480
5340.000000	32430.000000	  0.003480
5360.000000	34429.000000	  0.003811
5380.000000	36756.000000	  0.003646
5400.000000	36017.000000	  0.003646
5420.000000	38926.000000	  0.003646
5440.000000	39198.000000	  0.003646
5460.000000	41571.000000	  0.003646
5480.000000	41959.000000	  0.003480
5500.000000	43430.000000	  0.003646
5520.000000	44279.000000	  0.003646
5540.000000	44339.000000	  0.003646
5560.000000	42012.000000	  0.003646
5580.000000	43226.000000	  0.003480
5600.000000	41081.000000	  0.003480
5620.000000	40360.000000	  0.003480
5640.000000	38637.000000	  0.003646
5660.000000	39456.000000	  0.003646
5680.000000	37008.000000	  0.003811
5700.000000	36382.000000	  0.003646
5720.000000	34412.000000	  0.003646
5740.000000	33681.000000	  0.003646
5760.000000	31264.000000	  0.003480
5780.000000	30842.000000	  0.003480
5800.000000	29878.000000	  0.003480
5820.000000	28805.000000	  0.003480
5840.000000	28683.000000	  0.003646
5860.000000	28244.000000	  0.003480
5880.000000	28715.000000	  0.003646
5900.000000	28266.000000	  0.003480
5920.000000	28078.000000	  0.003480
5940.000000	29644.000000	  0.003646
5960.000000	29337.000000	  0.003646
5980.000000	29805.000000	  0.003646
6000.000000	30527.000000	  0.003480
6020.000000	32184.000000	  0.003480
6040.000000	32931.000000	  0.003480
6060.000000	35129.000000	  0.003811
6080.000000	35856.000000	  0.003811
6100.000000	37148.000000	  0.003646
6120.000000	39538.000000	  0.003646
6140.000000	38343.000000	  0.003646
6160.000000	39183.000000	  0.003646
6180.000000	40094.000000	  0.003480
6200.000000	38961.000000	  0.003646
6220.000000	38037.000000	  0.003646
6240.000000	38793.000000	  0.003314
6260.000000	37611.000000	  0.003480
6280.000000	37050.000000	  0.003646
6300.000000	36282.000000	  0.003646
6320.000000	34713.000000	  0.003646
6340.000000	34379.000000	  0.003480
6360.000000	32257.000000	  0.003480
6380.000000	30135.000000	  0.003646
6400.000000	27695.000000	  0.003480
6420.000000	25907.000000	  0.003480
6440.000000	25064.000000	  0.003480
6460.000000	23257.000000	  0.003646
6480.000000	21617.000000	  0.003480
6500.000000	20456.000000	  0.003480
6520.000000	19824.000000	  0.003480
6540.000000	18316.000000	  0.003646
6560.000000	17138.000000	  0.003811
6580.000000	16296.000000	  0.003480
6600.000000	16126.000000	  0.003811
6620.000000	14791.000000	  0.003480
6640.000000	14188.000000	  0.003480
6660.000000	13778.000000	  0.003646
6680.000000	13084.000000	  0.003646
6700.000000	12916.000000	  0.003646
6720.000000	12495.000000	  0.003480
6740.000000	12137.000000	  0.003646
6760.000000	11808.000000	  0.003480
6780.000000	11412.000000	  0.003646
6800.000000	11102.000000	  0.003646
6820.000000	10616.000000	  0.003480
6840.000000	10194.000000	  0.003480
6860.000000	10210.000000	  0.003480
6880.000000	10073.000000	  0.003480
6900.000000	9649.000000	  0.003646
6920.000000	9594.000000	  0.003480
6940.000000	9359.000000	  0.003646
6960.000000	9323.000000	  0.003646
6980.000000	9407.000000	  0.003646
7000.000000	8786.000000	  0.003646
7020.000000	9030.000000	  0.003314
7040.000000	8677.000000	  0.003646
7060.000000	8339.000000	  0.003480
7080.000000	8888.000000	  0.003480
7100.000000	8415.000000	  0.003646
7120.000000	8339.000000	  0.003480
7140.000000	8628.000000	  0.003314
7160.000000	8471.000000	  0.003646
7180.000000	8436.000000	  0.003646
7200.000000	8317.000000	  0.003646
7220.000000	8223.000000	  0.003314
7240.000000	8197.000000	  0.003646
7260.000000	7771.000000	  0.003480
7280.000000	7984.000000	  0.003646
7300.000000	8046.000000	  0.003646
7320.000000	8279.000000	  0.003480
7340.000000	7963.000000	  0.003646
7360.000000	7772.000000	  0.003480
7380.000000	7855.000000	  0.003480
7400.000000	8175.000000	  0.003646
7420.000000	7706.000000	  0.003480
7440.000000	7830.000000	  0.003646
7460.000000	8034.000000	  0.003480
7480.000000	7742.000000	  0.003646
