integer value	ROI intensity	reference intensity
  0.000000	13354.000000	  0.003480
 50.000000	12474.000000	  0.003314
100.000000	11691.000000	  0.003314
150.000000	10565.000000	  0.003480
200.000000	9790.000000	  0.003480
250.000000	8925.000000	  0.003314
300.000000	8165.000000	  0.003480
350.000000	7603.000000	  0.003480
400.000000	6929.000000	  0.003480
450.000000	6445.000000	  0.003480
500.000000	6137.000000	  0.003480
550.000000	5661.000000	  0.003314
600.000000	5199.000000	  0.003480
650.000000	4855.000000	  0.003314
700.000000	4605.000000	  0.003480
750.000000	4356.000000	  0.003480
800.000000	4084.000000	  0.003314
850.000000	3804.000000	  0.003314
900.000000	3577.000000	  0.003480
950.000000	3353.000000	  0.003480
1000.000000	3136.000000	  0.003480
1050.000000	2962.000000	  0.003480
1100.000000	2833.000000	  0.003480
1150.000000	2783.000000	  0.003480
1200.000000	2598.000000	  0.003314
1250.000000	2541.000000	  0.003480
1300.000000	2393.000000	  0.003646
1350.000000	2276.000000	  0.003480
1400.000000	2121.000000	  0.003314
1450.000000	2250.000000	  0.003480
1500.000000	2015.000000	  0.003480
1550.000000	2140.000000	  0.003646
1600.000000	2071.000000	  0.003480
1650.000000	2026.000000	  0.003480
1700.000000	1927.000000	  0.003480
1750.000000	1892.000000	  0.003314
1800.000000	1939.000000	  0.003480
1850.000000	1871.000000	  0.003314
1900.000000	1929.000000	  0.003480
1950.000000	1952.000000	  0.003480
2000.000000	1912.000000	  0.003480
2050.000000	1800.000000	  0.003314
2100.000000	1876.000000	  0.003480
2150.000000	1877.000000	  0.003646
2200.000000	1977.000000	  0.003480
2250.000000	1838.000000	  0.003480
2300.000000	1932.000000	  0.003314
2350.000000	2008.000000	  0.003314
2400.000000	1971.000000	  0.003314
2450.000000	1889.000000	  0.003480
2500.000000	1980.000000	  0.003314
2550.000000	2011.000000	  0.003480
2600.000000	2141.000000	  0.003480
2650.000000	2184.000000	  0.003480
2700.000000	2018.000000	  0.003314
2750.000000	2286.000000	  0.003480
2800.000000	2174.000000	  0.003480
2850.000000	2177.000000	  0.003646
2900.000000	2256.000000	  0.003314
2950.000000	2387.000000	  0.003480
3000.000000	2356.000000	  0.003480
3050.000000	2590.000000	  0.003480
3100.000000	2631.000000	  0.003480
3150.000000	2570.000000	  0.003480
3200.000000	2768.000000	  0.003480
3250.000000	2892.000000	  0.003480
3300.000000	2952.000000	  0.003314
3350.000000	3123.000000	  0.003646
3400.000000	3211.000000	  0.003480
3450.000000	3509.000000	  0.003480
3500.000000	3738.000000	  0.003314
3550.000000	3814.000000	  0.003480
3600.000000	4194.000000	  0.003480
3650.000000	4493.000000	  0.003480
3700.000000	5017.000000	  0.003480
3750.000000	5463.000000	  0.003480
3800.000000	6138.000000	  0.003646
3850.000000	6990.000000	  0.003646
3900.000000	7878.000000	  0.003480
3950.000000	9022.000000	  0.003646
4000.000000	10249.000000	  0.003480
4050.000000	11858.000000	  0.003646
4100.000000	13399.000000	  0.003480
4150.000000	15556.000000	  0.003480
4200.000000	17917.000000	  0.003314
4250.000000	20510.000000	  0.003646
4300.000000	23152.000000	  0.003480
4350.000000	26778.000000	  0.003646
4400.000000	31424.000000	  0.003314
4450.000000	37020.000000	  0.003480
4500.000000	44587.000000	  0.003480
4550.000000	52345.000000	  0.003480
4600.000000	60018.000000	  0.003480
4650.000000	65979.000000	  0.003480
4700.000000	72710.000000	  0.003480
4750.000000	76494.000000	  0.003480
4800.000000	79906.000000	  0.003480
4850.000000	80218.000000	  0.003646
4900.000000	80057.000000	  0.003480
4950.000000	77830.000000	  0.003480
5000.000000	73980.000000	  0.003480
5050.000000	69057.000000	  0.003480
5100.000000	63442.000000	  0.003480
5150.000000	57888.000000	  0.003480
5200.000000	52676.000000	  0.003314
5250.000000	48620.000000	  0.003480
5300.000000	43971.000000	  0.003314
5350.000000	40035.000000	  0.003480
5400.000000	36767.000000	  0.003480
5450.000000	33965.000000	  0.003480
5500.000000	30769.000000	  0.003646
5550.000000	28293.000000	  0.003646
5600.000000	25603.000000	  0.003314
5650.000000	23396.000000	  0.003646
5700.000000	20650.000000	  0.003811
5750.000000	18937.000000	  0.003480
5800.000000	17305.000000	  0.003480
5850.000000	15411.000000	  0.003480
5900.000000	13975.000000	  0.003480
5950.000000	12795.000000	  0.003480
6000.000000	11646.000000	  0.003480
6050.000000	10438.000000	  0.003480
6100.000000	9695.000000	  0.003480
6150.000000	8863.000000	  0.003480
6200.000000	8310.000000	  0.003480
6250.000000	7655.000000	  0.003646
6300.000000	7036.000000	  0.003646
6350.000000	6659.000000	  0.003646
6400.000000	6333.000000	  0.003646
6450.000000	5756.000000	  0.003646
6500.000000	5196.000000	  0.003480
6550.000000	5045.000000	  0.003480
6600.000000	4668.000000	  0.003480
6650.000000	4219.000000	  0.003646
6700.000000	3963.000000	  0.003480
6750.000000	3741.000000	  0.003480
6800.000000	3631.000000	  0.003480
6850.000000	3334.000000	  0.003646
6900.000000	3053.000000	  0.003480
6950.000000	2896.000000	  0.003480
7000.000000	2756.000000	  0.003480
7050.000000	2613.000000	  0.003646
7100.000000	2478.000000	  0.003480
7150.000000	2469.000000	  0.003646
7200.000000	2425.000000	  0.003646
7250.000000	2336.000000	  0.003480
7300.000000	2327.000000	  0.003646
7350.000000	2195.000000	  0.003480
7400.000000	2148.000000	  0.003646
7450.000000	2165.000000	  0.003646
7500.000000	2031.000000	  0.003480
7550.000000	2143.000000	  0.003314
7600.000000	2132.000000	  0.003480
7650.000000	2115.000000	  0.003480
7700.000000	2257.000000	  0.003646
7750.000000	2237.000000	  0.003480
7800.000000	2162.000000	  0.003480
7850.000000	2146.000000	  0.003480
7900.000000	2211.000000	  0.003480
7950.000000	2181.000000	  0.003646
8000.000000	2374.000000	  0.003480
8050.000000	2376.000000	  0.003646
8100.000000	2321.000000	  0.003314
8150.000000	2407.000000	  0.003480
8200.000000	2430.000000	  0.003480
8250.000000	2385.000000	  0.003646
8300.000000	2463.000000	  0.003480
8350.000000	2525.000000	  0.003480
8400.000000	2558.000000	  0.003480
8450.000000	2679.000000	  0.003646
8500.000000	2764.000000	  0.003480
8550.000000	3017.000000	  0.003646
8600.000000	3083.000000	  0.003480
8650.000000	3315.000000	  0.003646
8700.000000	3469.000000	  0.003480
8750.000000	3370.000000	  0.003646
8800.000000	3782.000000	  0.003480
8850.000000	3761.000000	  0.003480
8900.000000	4043.000000	  0.003646
8950.000000	4415.000000	  0.003480
9000.000000	4599.000000	  0.003646
9050.000000	5102.000000	  0.003646
9100.000000	5637.000000	  0.003480
9150.000000	6278.000000	  0.003646
9200.000000	7038.000000	  0.003314
9250.000000	8110.000000	  0.003480
9300.000000	9234.000000	  0.003480
9350.000000	10746.000000	  0.003646
9400.000000	12711.000000	  0.003480
9450.000000	14920.000000	  0.003314
9500.000000	17869.000000	  0.003646
9550.000000	21505.000000	  0.003646
9600.000000	26585.000000	  0.003646
9650.000000	32920.000000	  0.003480
9700.000000	41516.000000	  0.003480
9750.000000	50486.000000	  0.003480
9800.000000	61155.000000	  0.003480
9850.000000	69922.000000	  0.003480
9900.000000	76817.000000	  0.003646
9950.000000	80759.000000	  0.003314
10000.000000	82559.000000	  0.003480
10050.000000	82575.000000	  0.003480
10100.000000	82398.000000	  0.003480
10150.000000	80021.000000	  0.003480
10200.000000	74435.000000	  0.003480
10250.000000	67172.000000	  0.003646
10300.000000	60819.000000	  0.003646
10350.000000	55022.000000	  0.003480
10400.000000	50055.000000	  0.003314
10450.000000	46452.000000	  0.003646
10500.000000	42092.000000	  0.003646
10550.000000	38791.000000	  0.003480
10600.000000	35465.000000	  0.003480
10650.000000	32792.000000	  0.003480
10700.000000	29926.000000	  0.003314
10750.000000	26999.000000	  0.003480
10800.000000	24162.000000	  0.003480
10850.000000	22377.000000	  0.003646
10900.000000	20504.000000	  0.003480
10950.000000	18399.000000	  0.003646
11000.000000	16757.000000	  0.003480
11050.000000	15104.000000	  0.003480
11100.000000	13975.000000	  0.003480
11150.000000	12683.000000	  0.003314
11200.000000	11901.000000	  0.003480
11250.000000	10862.000000	  0.003480
11300.000000	10211.000000	  0.003646
11350.000000	9431.000000	  0.003480
11400.000000	8597.000000	  0.003480
11450.000000	8191.000000	  0.003480
11500.000000	7567.000000	  0.003480
11550.000000	6945.000000	  0.003480
11600.000000	6643.000000	  0.003646
11650.000000	6201.000000	  0.003480
11700.000000	5705.000000	  0.003480
11750.000000	5422.000000	  0.003480
11800.000000	4942.000000	  0.003480
11850.000000	4720.000000	  0.003314
11900.000000	4349.000000	  0.003314
11950.000000	4157.000000	  0.003480
12000.000000	3819.000000	  0.003646
12050.000000	3686.000000	  0.003480
12100.000000	3331.000000	  0.003646
12150.000000	3183.000000	  0.003314
12200.000000	2967.000000	  0.003646
12250.000000	2765.000000	  0.003480
12300.000000	2708.000000	  0.003314
12350.000000	2531.000000	  0.003646
12400.000000	2433.000000	  0.003480
12450.000000	2509.000000	  0.003480
12500.000000	2306.000000	  0.003480
12550.000000	2329.000000	  0.003314
12600.000000	2383.000000	  0.003480
12650.000000	2257.000000	  0.003480
12700.000000	2309.000000	  0.003646
12750.000000	2347.000000	  0.003480
12800.000000	2400.000000	  0.003646
12850.000000	2383.000000	  0.003314
12900.000000	2193.000000	  0.003314
12950.000000	2355.000000	  0.003314
13000.000000	2392.000000	  0.003480
13050.000000	2418.000000	  0.003480
13100.000000	2496.000000	  0.003314
13150.000000	2488.000000	  0.003646
13200.000000	2503.000000	  0.003646
13250.000000	2501.000000	  0.003480
13300.000000	2611.000000	  0.003314
13350.000000	2651.000000	  0.003480
13400.000000	2791.000000	  0.003480
13450.000000	2863.000000	  0.003480
13500.000000	2935.000000	  0.003480
13550.000000	3093.000000	  0.003480
13600.000000	3125.000000	  0.003314
13650.000000	3422.000000	  0.003480
13700.000000	3527.000000	  0.003314
13750.000000	3736.000000	  0.003480
13800.000000	3977.000000	  0.003646
13850.000000	4174.000000	  0.003646
13900.000000	4435.000000	  0.003480
13950.000000	4954.000000	  0.003480
14000.000000	5338.000000	  0.003314
14050.000000	5838.000000	  0.003480
14100.000000	6344.000000	  0.003480
14150.000000	7176.000000	  0.003480
14200.000000	8265.000000	  0.003480
14250.000000	9539.000000	  0.003480
14300.000000	11243.000000	  0.003480
14350.000000	13488.000000	  0.003480
14400.000000	16533.000000	  0.003480
14450.000000	21241.000000	  0.003314
14500.000000	27616.000000	  0.003480
14550.000000	36142.000000	  0.003314
14600.000000	46113.000000	  0.003480
14650.000000	57002.000000	  0.003646
14700.000000	66954.000000	  0.003480
14750.000000	75790.000000	  0.003480
14800.000000	80126.000000	  0.003314
14850.000000	82390.000000	  0.003480
14900.000000	82522.000000	  0.003480
14950.000000	82161.000000	  0.003480
15000.000000	79394.000000	  0.003480
15050.000000	73991.000000	  0.003646
15100.000000	67591.000000	  0.003480
15150.000000	61087.000000	  0.003314
15200.000000	55912.000000	  0.003314
15250.000000	50727.000000	  0.003480
15300.000000	46488.000000	  0.003646
15350.000000	42658.000000	  0.003314
15400.000000	39502.000000	  0.003480
15450.000000	35760.000000	  0.003480
15500.000000	32901.000000	  0.003646
15550.000000	29843.000000	  0.003480
15600.000000	27305.000000	  0.003646
15650.000000	24674.000000	  0.003480
15700.000000	22859.000000	  0.003480
15750.000000	20680.000000	  0.003480
15800.000000	18651.000000	  0.003480
15850.000000	17292.000000	  0.003646
15900.000000	16187.000000	  0.003314
15950.000000	15011.000000	  0.003646
16000.000000	14044.000000	  0.003314
16050.000000	12971.000000	  0.003480
16100.000000	12168.000000	  0.003314
16150.000000	11137.000000	  0.003314
16200.000000	10504.000000	  0.003480
16250.000000	9876.000000	  0.003646
16300.000000	9205.000000	  0.003480
16350.000000	8601.000000	  0.003314
16400.000000	8633.000000	6383.000000
16450.000000	8302.000000	  0.000000
