integer value	ROI intensity	reference intensity
3000.000000	18221.000000	  0.003314
3020.000000	18536.000000	  0.003646
3040.000000	18287.000000	  0.003480
3060.000000	17733.000000	  0.003480
3080.000000	18076.000000	  0.003480
3100.000000	17539.000000	  0.003646
3120.000000	18148.000000	  0.003646
3140.000000	17018.000000	  0.003480
3160.000000	16573.000000	  0.003646
3180.000000	17429.000000	  0.003480
3200.000000	16508.000000	  0.003646
3220.000000	16501.000000	  0.003811
3240.000000	16960.000000	  0.003480
3260.000000	16939.000000	  0.003480
3280.000000	16327.000000	  0.003480
3300.000000	16990.000000	  0.003646
3320.000000	17107.000000	  0.003480
3340.000000	17026.000000	  0.003314
3360.000000	16405.000000	  0.003646
3380.000000	16628.000000	  0.003646
3400.000000	16317.000000	  0.003480
3420.000000	16491.000000	  0.003480
3440.000000	16165.000000	  0.003480
3460.000000	16595.000000	  0.003646
3480.000000	16399.000000	  0.003480
3500.000000	16567.000000	  0.003480
3520.000000	16243.000000	  0.003646
3540.000000	16669.000000	  0.003480
3560.000000	17092.000000	  0.003480
3580.000000	16758.000000	  0.003314
3600.000000	17510.000000	  0.003314
3620.000000	17391.000000	  0.003480
3640.000000	18269.000000	  0.003480
3660.000000	18986.000000	  0.003314
3680.000000	18721.000000	  0.003314
3700.000000	19764.000000	  0.003480
3720.000000	18972.000000	  0.003314
3740.000000	19191.000000	  0.003480
3760.000000	19522.000000	  0.003480
3780.000000	20733.000000	  0.003480
3800.000000	20635.000000	  0.003646
3820.000000	22336.000000	  0.003480
3840.000000	22759.000000	  0.003314
3860.000000	23561.000000	  0.003480
3880.000000	25579.000000	  0.003480
3900.000000	25336.000000	  0.003480
3920.000000	27027.000000	  0.003646
3940.000000	28720.000000	  0.003314
3960.000000	30496.000000	  0.003646
3980.000000	33492.000000	  0.003646
4000.000000	34627.000000	  0.003646
4020.000000	37570.000000	  0.003480
4040.000000	38678.000000	  0.003646
4060.000000	40772.000000	  0.003480
4080.000000	41800.000000	  0.003646
4100.000000	44893.000000	  0.003646
4120.000000	43732.000000	  0.003314
4140.000000	46414.000000	  0.003480
4160.000000	48737.000000	  0.003646
4180.000000	50248.000000	  0.003480
4200.000000	48751.000000	  0.003480
4220.000000	51190.000000	  0.003646
4240.000000	51246.000000	  0.003646
4260.000000	51711.000000	  0.003646
4280.000000	51178.000000	  0.003480
4300.000000	51872.000000	  0.003811
4320.000000	53117.000000	  0.003646
4340.000000	49883.000000	  0.003480
4360.000000	52085.000000	  0.003480
4380.000000	49010.000000	  0.003646
4400.000000	48178.000000	  0.003646
4420.000000	47353.000000	  0.003646
4440.000000	47758.000000	  0.003646
4460.000000	47072.000000	  0.003646
4480.000000	46824.000000	  0.003480
4500.000000	45251.000000	  0.003811
4520.000000	44144.000000	  0.003480
4540.000000	44825.000000	  0.003811
4560.000000	43397.000000	  0.003646
4580.000000	43908.000000	  0.003314
4600.000000	45793.000000	  0.003314
4620.000000	45292.000000	  0.003646
4640.000000	42688.000000	  0.003646
4660.000000	44062.000000	  0.003646
4680.000000	46985.000000	  0.003646
4700.000000	45832.000000	  0.003646
4720.000000	47180.000000	  0.003646
4740.000000	48877.000000	  0.003480
4760.000000	51604.000000	  0.003646
4780.000000	54884.000000	  0.003646
4800.000000	53741.000000	  0.003480
4820.000000	56932.000000	  0.003646
4840.000000	56792.000000	  0.003480
4860.000000	61039.000000	  0.003480
4880.000000	62779.000000	  0.003480
4900.000000	63373.000000	  0.003314
4920.000000	65894.000000	  0.003480
4940.000000	70559.000000	  0.003646
4960.000000	72091.000000	  0.003480
4980.000000	70578.000000	  0.003480
5000.000000	70830.000000	  0.003314
5020.000000	73089.000000	  0.003314
5040.000000	73155.000000	  0.003480
5060.000000	71286.000000	  0.003480
5080.000000	72124.000000	  0.003480
5100.000000	70977.000000	  0.003646
5120.000000	70554.000000	  0.003314
5140.000000	71477.000000	  0.003480
5160.000000	72538.000000	  0.003646
5180.000000	68925.000000	  0.003646
5200.000000	67221.000000	  0.003480
5220.000000	64226.000000	  0.003480
5240.000000	66034.000000	  0.003646
5260.000000	63200.000000	  0.003480
5280.000000	64693.000000	  0.003314
5300.000000	61115.000000	  0.003480
5320.000000	61898.000000	  0.003480
5340.000000	57761.000000	  0.003646
5360.000000	57707.000000	  0.003646
5380.000000	55363.000000	  0.003314
5400.000000	58308.000000	  0.003480
5420.000000	59481.000000	  0.003480
5440.000000	57417.000000	  0.003480
5460.000000	59456.000000	  0.003480
5480.000000	57816.000000	  0.003646
5500.000000	59110.000000	  0.003480
5520.000000	60090.000000	  0.003646
5540.000000	61422.000000	  0.003646
5560.000000	61477.000000	  0.003646
5580.000000	66036.000000	  0.003480
5600.000000	64466.000000	  0.003480
5620.000000	67156.000000	  0.003646
5640.000000	70109.000000	  0.003480
5660.000000	72730.000000	  0.003480
5680.000000	71296.000000	  0.003314
5700.000000	75450.000000	  0.003480
5720.000000	69634.000000	  0.003314
5740.000000	75696.000000	  0.003646
5760.000000	74140.000000	  0.003480
5780.000000	74110.000000	  0.003646
5800.000000	72513.000000	  0.003646
5820.000000	73213.000000	  0.003646
5840.000000	71955.000000	  0.003646
5860.000000	72395.000000	  0.003646
5880.000000	69114.000000	  0.003646
5900.000000	67132.000000	  0.003646
5920.000000	66486.000000	  0.003646
5940.000000	63134.000000	  0.003480
5960.000000	61426.000000	  0.003480
5980.000000	57233.000000	  0.003480
6000.000000	57864.000000	  0.003480
6020.000000	55390.000000	  0.003480
6040.000000	55878.000000	  0.003646
6060.000000	52333.000000	  0.003480
6080.000000	51517.000000	  0.003480
6100.000000	50222.000000	  0.003480
6120.000000	50950.000000	  0.003314
6140.000000	49969.000000	  0.003480
6160.000000	52152.000000	  0.003480
6180.000000	52194.000000	  0.003480
6200.000000	51622.000000	  0.003314
6220.000000	54621.000000	  0.003480
6240.000000	55905.000000	  0.003646
6260.000000	56815.000000	  0.003646
6280.000000	57962.000000	  0.003480
6300.000000	57549.000000	  0.003480
6320.000000	59765.000000	  0.003646
6340.000000	61941.000000	  0.003480
6360.000000	65116.000000	  0.003480
6380.000000	65241.000000	  0.003314
6400.000000	66966.000000	  0.003646
6420.000000	72619.000000	  0.003480
6440.000000	73887.000000	  0.003480
6460.000000	73968.000000	  0.003314
6480.000000	73596.000000	  0.003646
6500.000000	73407.000000	  0.003480
6520.000000	77408.000000	  0.003480
6540.000000	77958.000000	  0.003314
6560.000000	76059.000000	  0.003480
6580.000000	76348.000000	  0.003646
6600.000000	73125.000000	  0.003480
6620.000000	73936.000000	  0.003314
6640.000000	73137.000000	  0.003480
6660.000000	72235.000000	  0.003314
6680.000000	71479.000000	  0.003480
6700.000000	70779.000000	  0.003480
6720.000000	66604.000000	  0.003480
6740.000000	65748.000000	  0.003646
6760.000000	61663.000000	  0.003646
6780.000000	62126.000000	  0.003646
6800.000000	62812.000000	  0.003480
6820.000000	61085.000000	  0.003480
6840.000000	57301.000000	  0.003646
6860.000000	58317.000000	  0.003480
6880.000000	58728.000000	  0.003480
6900.000000	59088.000000	  0.003480
6920.000000	62658.000000	  0.003480
6940.000000	61302.000000	  0.003480
6960.000000	62683.000000	  0.003646
6980.000000	64214.000000	  0.003480
7000.000000	63789.000000	  0.003480
7020.000000	64278.000000	  0.003480
7040.000000	68240.000000	  0.003480
7060.000000	68749.000000	  0.003480
7080.000000	70720.000000	  0.003480
7100.000000	72487.000000	  0.003314
7120.000000	77096.000000	  0.003646
7140.000000	75760.000000	  0.003480
7160.000000	79317.000000	  0.003646
7180.000000	77270.000000	  0.003314
7200.000000	76483.000000	  0.003646
7220.000000	74140.000000	  0.003480
7240.000000	76111.000000	  0.003480
7260.000000	72857.000000	  0.003480
7280.000000	72173.000000	  0.003314
7300.000000	71011.000000	  0.003480
7320.000000	69992.000000	  0.003480
7340.000000	67196.000000	  0.003646
7360.000000	65558.000000	  0.003480
7380.000000	62257.000000	  0.003314
7400.000000	59816.000000	  0.003480
7420.000000	59056.000000	  0.003480
7440.000000	55610.000000	  0.003480
7460.000000	55638.000000	  0.003480
7480.000000	52305.000000	  0.003480
7500.000000	49537.000000	  0.003646
7520.000000	47412.000000	  0.003646
7540.000000	47006.000000	  0.003480
7560.000000	46666.000000	  0.003480
7580.000000	45080.000000	  0.003480
7600.000000	44076.000000	  0.003646
7620.000000	45544.000000	  0.003646
7640.000000	44962.000000	  0.003480
7660.000000	44195.000000	  0.003480
7680.000000	44213.000000	  0.003646
7700.000000	43834.000000	  0.003314
7720.000000	46903.000000	  0.003480
7740.000000	48574.000000	  0.003646
7760.000000	48850.000000	  0.003646
7780.000000	51543.000000	  0.003480
7800.000000	53500.000000	  0.003480
7820.000000	53833.000000	  0.003646
7840.000000	54414.000000	  0.003646
7860.000000	55445.000000	  0.003314
7880.000000	56657.000000	  0.003646
7900.000000	54347.000000	  0.003480
7920.000000	58232.000000	  0.003480
7940.000000	54945.000000	  0.003480
7960.000000	54419.000000	  0.003646
7980.000000	55020.000000	  0.003646
8000.000000	53594.000000	  0.003646
8020.000000	51543.000000	  0.003646
8040.000000	48046.000000	  0.003646
8060.000000	46069.000000	  0.003314
8080.000000	43822.000000	  0.003314
8100.000000	41141.000000	  0.003480
8120.000000	36686.000000	  0.003480
8140.000000	37421.000000	  0.003646
8160.000000	34308.000000	  0.003646
8180.000000	33267.000000	  0.003480
8200.000000	31661.000000	  0.003480
8220.000000	30795.000000	  0.003480
8240.000000	28716.000000	  0.003480
8260.000000	28446.000000	  0.003480
8280.000000	25945.000000	  0.003480
8300.000000	25501.000000	  0.003646
8320.000000	25216.000000	  0.003480
8340.000000	24633.000000	  0.003480
8360.000000	24387.000000	  0.003646
8380.000000	23504.000000	  0.003314
8400.000000	22204.000000	  0.003314
8420.000000	23091.000000	  0.003480
8440.000000	21362.000000	  0.003646
8460.000000	21577.000000	  0.003646
8480.000000	21410.000000	  0.003646
8500.000000	21059.000000	  0.003480
8520.000000	20999.000000	  0.003480
8540.000000	20693.000000	  0.003480
8560.000000	19634.000000	  0.003480
8580.000000	19419.000000	  0.003480
8600.000000	19095.000000	  0.003646
8620.000000	19258.000000	  0.003480
8640.000000	18206.000000	  0.003314
8660.000000	18376.000000	  0.003314
8680.000000	17909.000000	  0.003646
8700.000000	18519.000000	  0.003480
8720.000000	17533.000000	  0.003646
8740.000000	17014.000000	  0.003314
8760.000000	17885.000000	  0.003314
8780.000000	17503.000000	  0.003480
8800.000000	17214.000000	  0.003480
8820.000000	18179.000000	  0.003480
8840.000000	17672.000000	  0.003646
8860.000000	17431.000000	  0.003314
8880.000000	17679.000000	  0.003646
8900.000000	18021.000000	  0.003480
8920.000000	18110.000000	  0.003480
8940.000000	18259.000000	  0.003480
8960.000000	18679.000000	  0.003480
8980.000000	18570.000000	  0.003480
